59
66
62.5
76
49
50
58
60
55.5
56
54
61.5
49
56.5
62
52.5
51
62
52
49
56
57
46.5
50.5
49.5
49
53
44
48
54
44
49
49.5
47
45.5
47
50
45
44
52
57
43
50.5
65.5
47
46
43.5
40.5
61
71
72
62.5
66
75
66
64
67
67
63.5
62.5
59.5
61
71.5
73
62
56
62.5
59
69.5
49
59.5
73.5
53
59
63
53.5
58
60
61
56.5
52
50.5
59
52
64
46
48.5
47
63
48
47.5
43
66
47
56
53
51.5
50
51
51
50
51.5
46
50
43.5
46.5
42
43.5
44.5
44
40
57
58
48
70
74
72
60
61
57
50
56.5
70
52
51
64
53
59
50
49
58
52
52
54
45
48
51
49.5
50
43
55
48
47
50
44
50
49.5
50
45
45.5
44
49
46
48
45
45
44
46
44
48
41
41.5
52
45
50
45
40
45
50
45
